Item
"Queen Size Bed Sheet Set, Egyptian Cotton, AmazonBasics"
"King Comforter Set, 8-Piece, Beckham Hotel Collection"
"Twin XL Mattress Topper, Memory Foam, Tempur-Pedic"
"Queen Duvet Cover Set, 100% Cotton, Wake In Cloud"
"Full Size Bed in a Bag, 7-Piece Set, Chic Home"
"King Size Pillowcase Set, Microfiber, Mellanni"
"Twin Quilt Set, Reversible, Greenland Home"
"California King Bed Skirt, 14-Inch Drop, AmazonBasics"
"Queen Mattress Protector, Waterproof, SafeRest"
"King Size Comforter, Goose Down, Egyptian Bedding"
"Twin XL Fitted Sheet, Deep Pocket, Utopia Bedding"
"Full Size Bedspread, Lightweight, Madison Park"
"Queen Size Bedskirt, 16-Inch Drop, Nestl Bedding"
"King Size Pillow, Memory Foam, Coop Home Goods"
"Twin Bedding Set, Kids' Theme, Jay Franco"
"California King Sheet Set, Sateen, Brooklinen"
"Queen Size Mattress Topper, Gel-Infused, Linenspa"
"Full Duvet Insert, All-Season, Utopia Bedding"
"King Size Bed in a Bag, 12-Piece Set, Sweet Home Collection"
"Twin XL Comforter, Hypoallergenic, Puredown"
"Queen Size Quilt Set, Floral Pattern, Bedsure"
"California King Bedspread, Chenille, Beatrice Home Fashions"
"King Size Bed Skirt, 18-Inch Drop, Harmony Lane"
"Full Size Pillowcase Set, Jersey Knit, Great Bay Home"
"Twin Mattress Protector, Vinyl-Free, Linenspa"
"Queen Size Comforter Set, Pintuck Design, Chezmoi Collection"
"King Fitted Sheet, 100% Cotton, Threadmill Home Linen"
"Twin XL Duvet Cover, Microfiber, AmazonBasics"
"California King Pillow, Hypoallergenic, Cozy Bed"
"Full Bedding Set, Bohemian Style, Lush Decor"
"Queen Size Bedskirt, Ruffled, Harmony Lane"
"King Size Quilt, Patchwork Design, Greenland Home"
"Twin Size Bedspread, Vintage Floral, Home Soft Things"
"California King Sheet Set, Flannel, Pointehaven"
"Full Size Mattress Topper, Bamboo, ExceptionalSheets"
"Queen Duvet Insert, Down Alternative, Royal Hotel"
"King Size Bed in a Bag, 10-Piece Set, Geneva Home Fashion"
"Twin XL Comforter Set, Plaid Pattern, Eddie Bauer"
"Full Size Pillow, Latex Foam, Malouf"
"Queen Size Quilt Set, Coastal Theme, Greenland Home"
"King Bed Skirt, Wraparound, Fresh Ideas"
"Twin Bed Skirt, Tulle Tutu, Sweet Home Collection"
"California King Mattress Protector, Terry Cloth, SureGuard"
"King Size Comforter, All-Season, Linenspa"
"Queen Size Sheet Set, Percale Cotton, Brooklinen"
"Full Duvet Cover Set, 3-Piece, Doffapd"
"Twin XL Mattress Topper, Featherbed, Pacific Coast"
"California King Duvet Insert, Lightweight, Homelike Moment"
"King Size Bedding Set, Boho Chic, Wake In Cloud"
"Queen Size Bedspread, Oversized, Madison Park"
"Full Size Bedskirt, Dust Ruffle, Greenland Home"
"Twin Size Pillowcase Set, Satin, Bedsure"
"King Bedspread, Floral Print, Collections Etc."
"California King Comforter, Reversible, Utopia Bedding"
"Queen Size Quilt, Vintage Floral, Chezmoi Collection"
"King Size Sheet Set, Organic Cotton, Boll & Branch"
"Twin Bedding Set, Disney Theme, Jay Franco"
"Full Size Comforter Set, 5-Piece, AmazonBasics"
"Twin XL Fitted Sheet, Jersey Knit, Briarwood Home"
"Queen Mattress Topper, Latex, Pure Green"
"California King Pillowcase Set, Satin, Royal Opulence"
"King Size Duvet Cover, Linen, Parachute"
"Twin Size Mattress Protector, Hypoallergenic, SafeRest"
"Full Bed in a Bag, 8-Piece Set, Sweet Home Collection"
"Queen Size Bed Skirt, Solid Color, AmazonBasics"
"King Quilt Set, Farmhouse Style, Stone Cottage"
"Twin XL Comforter, Down Alternative, Beckham Hotel Collection"
"Full Size Duvet Insert, Microfiber, Nestl Bedding"
"Twin Bed Skirt, Ruffled, EasyFit"
"Queen Size Pillow, Latex Foam, Malouf"
"King Size Quilt, Reversible, Bedsure"
"California King Bedskirt, Wraparound, AmazonBasics"
"Full Size Mattress Topper, Egg Crate, Milliard"
"Twin XL Sheet Set, Flannel, Pointehaven"
"Queen Duvet Cover, Linen, Parachute"
"King Bedding Set, Rustic Lodge Style, Donna Sharp"
"Twin Size Bedspread, Solid Color, Superior"
"California King Comforter Set, 7-Piece, Madison Park"
"Queen Size Comforter, Silk, LilySilk"
"Full Size Bed in a Bag, 6-Piece Set, Bare Home"
"Twin XL Mattress Protector, Cooling, Tempur-Pedic"
"King Size Pillowcase Set, Flannel, Pinzon"
"Twin Bedding Set, Unicorn Theme, Dream Factory"
"Queen Size Bedskirt, Box Pleat, Zen Home"
"King Quilt Set, Paisley Design, Greenland Home"
"California King Bedspread, Matelass¨¦, Historic Charleston"
"Full Size Bed Skirt, Elastic Wraparound, Bare Home"
"Twin XL Comforter Set, Damask Pattern, VCNY Home"
"Queen Mattress Topper, Featherbed, Pacific Coast"
"King Size Duvet Insert, Silk, Mulberry Park Silks"
"Twin Size Pillow, Hypoallergenic, Coop Home Goods"
"California King Quilt Set, Cabin Style, Greenland Home"
"Full Duvet Cover, Sateen, Brooklinen"
"Queen Size Sheet Set, Jersey Knit, T-Shirt Sheets"
"King Bedskirt, Solid Color, Empyrean Bedding"
"Full Size Comforter, Down, Egyptian Bedding"
"Twin XL Fitted Sheet, Satin, Royal Opulence"
"Queen Duvet Insert, Down Comforter, Egyptian Bedding"
"King Size Pillow, Feather, Five Star Down"
"Twin Size Bedspread, Quilted, Southshore Fine Linens"
"California King Bedskirt, 16-Inch Drop, HC Collection"
"Full Size Mattress Topper, Wool, Sleep & Beyond"
"Twin Bedding Set, Space Theme, Sleepwish"
"Queen Size Bed Skirt, Wraparound, Harmony Lane"
"King Quilt Set, Vintage Farmhouse, Great Bay Home"
"Twin XL Comforter, All-Season, AmazonBasics"
"Queen Mattress Protector, Encasement, SafeRest"
"King Size Duvet Cover Set, 3-Piece, Utopia Bedding"
"Full Bed in a Bag, 7-Piece Set, Elegant Comfort"
"Twin Size Fitted Sheet, Microfiber, Sweet Home Collection"
"California King Sheet Set, Egyptian Cotton, Chateau Home Collection"
"Queen Size Comforter, Bamboo, Zen Bamboo"
"King Size Pillowcase Set, Percale, Threadmill Home Linen"
"Twin Bed Skirt, Solid Color, Greenland Home"
"Full Size Bedskirt, Wraparound, Empyrean Bedding"
"King Bedding Set, Modern Geometric, Stone & Beam"
"Twin XL Mattress Topper, Latex, Pure Green"
"Queen Duvet Cover, Sateen, Brooklinen"
"California King Comforter, Goose Down, Egyptian Bedding"
"Full Size Duvet Insert, Duck Down, Royal Hotel"
"Twin Bedding Set, Floral Garden, Dream Factory"
"Queen Size Bedskirt, Elastic Wraparound, Bed Maker's"
"King Quilt Set, Boho Medallion, Lush Decor"
"Twin Size Bedspread, Diamond Quilted, Southshore Fine Linens"
"California King Bedspread, Floral Matelass¨¦, Collections Etc."
"Full Bed Skirt, Ruffled, Meila"
"King Size Mattress Topper, Latex, Pure Green"
"Twin XL Sheet Set, Microfiber, AmazonBasics"
"Queen Size Comforter Set, 9-Piece, Chic Home"
"King Size Pillow, Bamboo, Snuggle-Pedic"
"Twin Size Pillowcase Set, Flannel, Pinzon"
"California King Quilt Set, Floral Patchwork, Collections Etc."
"Full Size Comforter, Hypoallergenic, Linenspa"
"Twin Bed Skirt, Eyelet Lace, Greenland Home"
"Queen Mattress Topper, Memory Foam, Lucid"
"King Duvet Cover, Linen, Linoto"
"Twin XL Comforter Set, Animal Print, Sweet Home Collection"
"Full Size Bed in a Bag, 8-Piece Set, AmazonBasics"
"Queen Size Bed Skirt, Ruffled, Biscaynebay"
"King Quilt Set, Beach Cottage Style, C&F Home"
"Twin Size Bedspread, Coastal Theme, Madison Park"
"California King Bedskirt, Split Corner, Ruffled"
"Full Bed Skirt, Faux Silk, Biscaynebay"
"King Size Mattress Topper, Featherbed, Pacific Coast"
"Twin XL Sheet Set, Sateen, California Design Den"
"Queen Duvet Insert, Down Alternative, Superior"
"King Size Pillowcase Set, Satin, Love's Cabin"
"Twin Size Pillow, Microfiber, AmazonBasics"
"California King Comforter, Down Alternative, Linenspa"
"Full Size Duvet Cover Set, Microfiber, Nestl Bedding"
"Twin Bedding Set, Outer Space Theme, Where The Polka Dots Roam"
"Queen Size Bedskirt, Detachable, EasyFit"
"King Quilt Set, Lodge Style, Greenland Home"
"Twin XL Comforter, Reversible, AmazonBasics"
"Queen Mattress Protector, Cooling, SafeRest"
"King Duvet Cover, 100% Cotton, Beckham Hotel Collection"
"Twin Size Mattress Topper, Hypoallergenic, ExceptionalSheets"
"California King Bedspread, Southwestern Style, Greenland Home"
"Full Bed in a Bag, 10-Piece Set, Bare Home"
"King Size Bed Skirt, Elastic Wraparound, Nestl Bedding"
"Twin Bed Skirt, Wraparound, AmazonBasics"
"Queen Size Comforter, Down Alternative, Utopia Bedding"
"King Size Pillow, Gel-Infused Memory Foam, Classic Brands"
"Twin XL Sheet Set, Flannel, Pinzon"
"Full Size Bedskirt, Pleated, AmazonBasics"
"California King Sheet Set, Satin, Where The Polka Dots Roam"
"Queen Duvet Cover, Egyptian Cotton, Threadmill Home Linen"
"King Quilt Set, Rustic Cabin Style, Donna Sharp"
"Twin Size Bedspread, Patchwork Design, Greenland Home"
"Full Size Mattress Topper, Fiberbed, Balichun"
"Twin Bedding Set, Construction Theme, Where The Polka Dots Roam"
"Queen Size Bedskirt, Velcro Detachable, Fresh Ideas"
"King Size Comforter, Silk, LilySilk"
"Twin XL Mattress Protector, Vinyl-Free, Linenspa"
"King Duvet Insert, Down Comforter, Egyptian Bedding"
"Twin Size Pillow, Hypoallergenic, Beckham Hotel Collection"
"California King Quilt Set, Lodge Theme, Greenland Home"
"Full Bed Skirt, Elastic Wraparound, AmazonBasics"
"King Size Mattress Topper, Gel Memory Foam, Sleep Innovations"
"Twin Sheet Set, Jersey Knit, AmazonBasics"
"Queen Mattress Topper, Wool, Sleep & Beyond"
"King Duvet Cover, Sateen, Boll & Branch"
"Twin XL Comforter, All-Season, Linenspa"
"Queen Size Bed in a Bag, 12-Piece Set, Chic Home"
"Full Size Bedskirt, 15-Inch Drop, AmazonBasics"
"California King Sheet Set, Microfiber, Mellanni"
"Queen Duvet Insert, Hypoallergenic, LINENSPA"
"King Size Pillowcase Set, Percale Cotton, Pinzon"
"Twin Size Bedspread, Floral Pattern, Laura Ashley"
"King Quilt Set, Traditional Style, DaDa Bedding"
"Twin Bed Skirt, Solid Color, Fresh Ideas"
"Queen Size Comforter, Down, Egyptian Bedding"
"King Size Comforter Set, Luxury Bedding, Chic Home"
"Twin XL Mattress Topper, Memory Foam, LUCID"
"Full Size Duvet Insert, Down Alternative, Utopia Bed"
